start=571.933333
speed=1.948717
pause=no
