start=169.466667
speed=1.948717
