start=0.083000
volume=100.600014
