start=585.033333
speed=1.948717
