start=153.400000
speed=1.331000
pause=no
