start=822.906000
pause=no
volume=100.060020
