start=183.866667
speed=1.948717
volume=109.399994
fullscreen=yes
