start=360.400000
speed=2.143589
volume=101.400002
