start=1050.294000
pause=no
volume=82.199890
aid=1
