start=807.333333
speed=1.948717
