start=212.133333
speed=1.948717
