start=131.366667
speed=1.948717
pause=no
