start=577.266667
speed=1.948717
pause=no
