start=568.733333
speed=2.143589
