start=5.333333
speed=2.143589
