start=655.400000
speed=1.610510
pause=no
