start=0.000000
speed=1.948717
volume=100.800003
