start=717.600000
speed=1.948717
volume=100.820053
sid=no
sub-delay=-0.000000
