start=40.300000
speed=1.948717
pause=no
