start=305.533333
speed=2.143589
