start=205.733333
speed=1.610510
volume=106.420044
