start=519.366667
speed=1.948717
