start=167.000000
speed=2.143589
