start=183.200000
speed=1.771561
pause=no
