start=781.733333
speed=2.143589
volume=100.800003
aid=1
sid=no
