start=394.200000
speed=2.357948
pause=no
