start=213.166667
speed=2.143589
