start=242.300000
speed=1.948717
