start=997.633333
speed=1.771561
