start=263.766667
speed=1.464100
volume=100.400002
aid=1
vid=1
sid=no
