start=409.900000
speed=1.771561
vid=1
sid=no
