start=51.100000
speed=1.948717
