start=296.900000
speed=1.948717
