start=1010.666667
speed=1.771561
volume=106.420044
sub-visibility=no
