start=1330.933333
speed=1.948717
pause=no
