start=51.466667
speed=2.143589
