start=1305.566667
speed=1.610510
sub-visibility=no
