start=147.100000
speed=1.948717
